A =

 Columns 1 through 8:

   3.0000   3.1000   3.2000   3.3000   3.4000   3.5000   3.6000   3.7000

 Columns 9 and 10:

   3.8000   3.9000

B =

 Columns 1 through 8:

   10.000   14.444   18.889   23.333   27.778   32.222   36.667   41.111

 Columns 9 and 10:

   45.556   50.000

ans =

 Columns 1 through 8:

   1.5000   1.5500   1.6000   1.6500   1.7000   1.7500   1.8000   1.8500

 Columns 9 and 10:

   1.9000   1.9500

ans =

 Columns 1 through 8:

   13.000   17.544   22.089   26.633   31.178   35.722   40.267   44.811

 Columns 9 and 10:

   49.356   53.900

ans =

 Columns 1 through 8:

   -7.0000  -11.3444  -15.6889  -20.0333  -24.3778  -28.7222  -33.0667  -37.4111

 Columns 9 and 10:

  -41.7556  -46.1000

ans =

 Columns 1 through 8:

    30.000    44.778    60.444    77.000    94.444   112.778   132.000   152.111

 Columns 9 and 10:

   173.111   195.000

ans =

 Columns 1 through 7:

   0.300000   0.214615   0.169412   0.141429   0.122400   0.108621   0.098182

 Columns 8 through 10:

   0.090000   0.083415   0.078000

