A =

   3  -2   5

B =

  -1   7   2

ans =  6.1644
ans =

  -0.13608   0.95258   0.27217

C =

   11  -20   11

ans = -7
ans =  1.7259
