A =

   1   2   3
   4   5   6
   1   1   3

ans =  6
ans =

   1   1   3

ans =

   2
   5
   1

ans =  3
ans =

   1   4   1
   2   5   1
   3   6   3

ans =

  -1.50000   0.50000   0.50000
   1.00000   0.00000  -1.00000
   0.16667  -0.16667   0.50000

vec =

   0.353278   0.853624  -0.063938
   0.903466  -0.511857  -0.833894
   0.242782  -0.096580   0.548209

val =

Diagonal Matrix

   8.17644         0         0
         0  -0.53868         0
         0         0   1.36225

ans =  9
ans = -6
ans =

   9.00000  -3.00000  -3.00000
  -6.00000  -0.00000   6.00000
  -1.00000   1.00000  -3.00000

