A =

   2  -3   1
   4  -1   2
   5  -2   3

B =

   1
   3
  -2

ans =

    6.40000
    0.20000
  -11.20000

