X =

   2
   1

A =

   0.70711  -0.70711
   0.70711   0.70711

Y =

   0.70711
   2.12132

vec =

   0.70711 + 0.00000i   0.70711 - 0.00000i
   0.00000 - 0.70711i   0.00000 + 0.70711i

val =

Diagonal Matrix

   0.70711 + 0.70711i                    0
                    0   0.70711 - 0.70711i

